f1 = 0.9801121876593575
loss = 0.06457626403841589
precision = 0.9796126401630989
recall = 0.9806122448979592
