eval_loss = 0.06283498580495898
eval_accuracy_score = 0.9809236947791165
eval_precision = 0.9796126401630989
eval_recall = 0.9806122448979592
eval_f1 = 0.9801121876593575
epoch = 3.0
