f1 = 0.9326923076923078
loss = 0.04355573718706952
precision = 0.941747572815534
recall = 0.9238095238095239
