f1 = 0.9056603773584906
loss = 0.051080257166177034
precision = 0.897196261682243
recall = 0.9142857142857143
