eval_loss = 0.11698235390109143
eval_accuracy_score = 0.9773628938156359
eval_precision = 0.9363420427553444
eval_recall = 0.9385714285714286
eval_f1 = 0.9374554102259216
