f1 = 0.8991080277502477
loss = 0.05077363149559249
precision = 0.8939692550256209
recall = 0.9043062200956937
