eval_loss = 0.03521647082323817
eval_accuracy_score = 0.9922015596880623
eval_precision = 0.9238095238095239
eval_recall = 0.9238095238095239
eval_f1 = 0.9238095238095239
epoch = 3.0
